date: 2023-08-18 16:05:00.690771
score: 1
date: 2023-08-18 16:05:22.433789
score: 1
